8
0.000000 48.905551 110.078796 94.585891 57.140505 101.826481 35.537588 27.163972
48.905551 0.000000 83.035642 94.150598 8.965192 72.705051 70.217614 25.034990
110.078796 83.035642 0.000000 54.212876 84.273640 10.626565 101.318622 86.327189
94.585891 94.150598 54.212876 0.000000 100.127152 56.409863 69.595151 82.026810
57.140505 8.965192 84.273640 100.127152 0.000000 73.727181 79.173287 33.984665
101.826481 72.705051 10.626565 56.409863 73.727181 0.000000 95.789591 77.257987
35.537588 70.217614 101.318622 69.595151 79.173287 95.789591 0.000000 45.450153
27.163972 25.034990 86.327189 82.026810 33.984665 77.257987 45.450153 0.000000
