6
0.000000 80.576826 105.371019 98.548843 35.811665 61.206945
80.576826 0.000000 25.235652 40.513496 74.412111 31.770204
105.371019 25.235652 0.000000 37.052930 95.436249 50.630473
98.548843 40.513496 37.052930 0.000000 76.740442 37.541607
35.811665 74.412111 95.436249 76.740442 0.000000 44.862027
61.206945 31.770204 50.630473 37.541607 44.862027 0.000000
