10
0.000 82.419 48.238 36.762 57.733 85.949 51.080 75.705 35.037 51.093
82.419 0.000 56.212 102.800 71.525 75.435 115.531 88.983 75.037 70.051
48.238 56.212 0.000 50.890 18.095 39.943 61.523 39.296 21.658 14.349
36.762 102.800 50.890 0.000 47.651 74.941 14.694 56.241 29.257 43.042
57.733 71.525 18.095 47.651 0.000 28.890 54.473 21.416 23.411 6.657
85.949 75.435 39.943 74.941 28.890 0.000 79.068 23.610 52.267 35.250
51.080 115.531 61.523 14.694 54.473 79.068 0.000 57.690 40.647 51.247
75.705 88.983 39.296 56.241 21.416 23.610 57.690 0.000 40.745 27.165
35.037 75.037 21.658 29.257 23.411 52.267 40.647 40.745 0.000 17.062
51.093 70.051 14.349 43.042 6.657 35.250 51.247 27.165 17.062 0.000
