11
0.000 9.891 51.472 47.195 13.559 48.123 74.097 45.148 19.528 54.166 31.525
9.891 0.000 54.742 47.109 22.194 48.958 71.014 52.811 10.620 53.024 34.457
51.472 54.742 0.000 18.217 58.313 13.579 44.381 27.935 64.152 23.944 20.300
47.195 47.109 18.217 0.000 57.541 4.669 31.178 41.591 54.687 8.414 18.747
13.559 22.194 58.313 57.541 0.000 57.653 86.105 45.107 29.265 65.140 39.957
48.123 48.958 13.579 4.669 57.653 0.000 33.768 38.018 57.107 11.387 17.889
74.097 71.014 44.381 31.178 86.105 33.768 0.000 71.477 75.514 22.771 49.648
45.148 52.811 27.935 41.591 45.107 38.018 71.477 0.000 63.431 49.401 28.171
19.528 10.620 64.152 54.687 29.265 57.107 75.514 63.431 0.000 59.658 44.043
54.166 53.024 23.944 8.414 65.140 11.387 22.771 49.401 59.658 0.000 27.066
31.525 34.457 20.300 18.747 39.957 17.889 49.648 28.171 44.043 27.066 0.000
