7
0.000000 71.864900 26.110182 23.307584 34.277521 16.084207 86.536310
71.864900 0.000000 65.630561 56.201551 69.251458 81.766266 37.284691
26.110182 65.630561 0.000000 11.178172 8.737533 42.074649 90.778986
23.307584 56.201551 11.178172 0.000000 18.780656 39.000358 79.765356
34.277521 69.251458 8.737533 18.780656 0.000000 49.995300 96.800632
16.084207 81.766266 42.074649 39.000358 49.995300 0.000000 90.191150
86.536310 37.284691 90.778986 79.765356 96.800632 90.191150 0.000000
