13
0.000 68.342 64.886 86.876 79.362 86.925 66.967 30.634 79.092 41.704 68.364 74.557 83.712
68.342 0.000 63.039 22.377 87.487 74.811 57.999 37.715 35.368 41.564 40.110 19.797 64.898
64.886 63.039 0.000 84.414 24.465 22.043 6.831 54.784 39.613 30.309 25.975 49.976 20.946
86.876 22.377 84.414 0.000 108.706 93.914 78.924 56.752 51.584 63.904 59.990 36.261 83.527
79.362 87.487 24.465 108.706 0.000 24.494 29.837 76.312 61.547 52.737 49.303 73.653 32.708
86.925 74.811 22.043 93.914 24.494 0.000 21.182 74.781 43.062 50.403 34.737 57.663 10.639
66.967 57.999 6.831 78.924 29.837 21.182 0.000 53.640 32.897 29.223 19.615 43.885 16.857
30.634 37.715 54.784 56.752 76.312 74.781 53.640 0.000 53.772 24.535 46.712 45.900 68.269
79.092 35.368 39.613 51.584 61.547 43.062 32.897 53.772 0.000 38.296 14.520 15.866 32.457
41.704 41.564 30.309 63.904 52.737 50.403 29.223 24.535 38.296 0.000 26.667 37.963 44.574
68.364 40.110 25.975 59.990 49.303 34.737 19.615 46.712 14.520 26.667 0.000 24.358 25.158
74.557 19.797 49.976 36.261 73.653 57.663 43.885 45.900 15.866 37.963 24.358 0.000 47.268
83.712 64.898 20.946 83.527 32.708 10.639 16.857 68.269 32.457 44.574 25.158 47.268 0.000
