12
0.000 38.120 85.265 50.340 73.759 35.413 92.679 45.721 83.076 85.405 79.700 36.274
38.120 0.000 82.790 62.387 37.052 63.498 81.721 71.852 79.853 62.789 62.656 1.863
85.265 82.790 0.000 39.032 82.873 65.850 19.613 61.550 3.096 45.386 33.290 82.740
50.340 62.387 39.032 0.000 79.882 26.943 53.014 24.542 37.785 62.204 50.842 61.507
73.759 37.052 82.873 79.882 0.000 91.350 73.156 97.313 79.807 44.607 51.978 38.854
35.413 63.498 65.850 26.943 91.350 0.000 79.671 10.378 64.707 84.741 74.758 62.008
92.679 81.721 19.613 53.014 73.156 79.671 0.000 77.163 18.362 30.434 21.259 82.113
45.721 71.852 61.550 24.542 97.313 10.378 77.163 0.000 60.853 85.985 75.073 70.469
83.076 79.853 3.096 37.785 79.807 64.707 18.362 60.853 0.000 42.747 30.508 79.826
85.405 62.789 45.386 62.204 44.607 84.741 30.434 85.985 42.747 0.000 12.690 63.759
79.700 62.656 33.290 50.842 51.978 74.758 21.259 75.073 30.508 12.690 0.000 63.289
36.274 1.863 82.740 61.507 38.854 62.008 82.113 70.469 79.826 63.759 63.289 0.000
