7
0.000000 41.672126 92.409531 56.858675 27.550160 42.623414 59.605212
41.672126 0.000000 56.925896 15.838647 25.972055 55.182402 45.807653
92.409531 56.925896 0.000000 51.074283 65.937842 78.451643 46.831385
56.858675 15.838647 51.074283 0.000000 41.158357 69.296425 54.128485
27.550160 25.972055 65.937842 41.158357 0.000000 29.890816 33.248601
42.623414 55.182402 78.451643 69.296425 29.890816 0.000000 32.378615
59.605212 45.807653 46.831385 54.128485 33.248601 32.378615 0.000000
