19
0.000 41.672 92.410 56.859 27.550 42.623 59.605 85.145 14.055 52.315 16.232 26.961 38.981 59.902 50.845 39.890 73.814 79.175 61.944
41.672 0.000 56.926 15.839 25.972 55.182 45.808 48.159 47.114 38.760 41.073 35.951 38.417 25.241 42.477 34.816 35.227 54.028 40.020
92.410 56.926 0.000 51.074 65.938 78.452 46.831 9.519 101.689 90.205 83.555 71.861 94.365 64.666 54.310 59.425 22.725 91.093 85.475
56.859 15.839 51.074 0.000 41.158 69.296 54.128 41.605 60.626 39.131 56.893 51.092 44.627 15.366 53.171 47.675 28.380 45.408 35.472
27.550 25.972 65.938 41.158 0.000 29.891 33.249 59.448 39.545 56.773 18.120 9.982 49.392 50.805 25.525 14.429 49.521 77.806 61.980
42.623 55.182 78.452 69.296 29.891 0.000 32.379 75.033 56.622 85.728 26.497 20.758 76.334 80.361 24.142 22.410 69.211 107.689 91.712
59.605 45.808 46.831 54.128 33.249 32.379 0.000 44.857 72.513 84.013 45.671 33.188 80.100 68.682 9.390 19.719 42.447 98.777 85.766
85.145 48.159 9.519 41.605 59.448 75.033 44.857 0.000 93.759 80.726 77.401 66.230 85.171 55.153 51.151 54.633 13.345 81.837 75.964
14.055 47.114 101.689 60.626 39.545 56.622 72.513 93.759 0.000 46.207 30.286 40.596 31.219 60.079 64.068 52.930 81.569 74.227 57.294
52.315 38.760 90.205 39.131 56.773 85.728 84.013 80.726 46.207 0.000 62.784 64.993 15.377 27.142 79.376 69.819 67.508 28.138 12.076
16.232 41.073 83.555 56.893 18.120 26.497 45.671 77.401 30.286 62.784 0.000 12.573 51.501 63.875 36.470 26.308 67.641 87.560 70.656
26.961 35.951 71.861 51.092 9.982 20.758 33.188 66.230 40.596 64.993 12.573 0.000 56.097 60.689 24.105 13.736 57.408 87.190 71.034
38.981 38.417 94.365 44.627 49.392 76.334 80.100 85.171 31.219 15.377 51.501 56.097 0.000 36.890 74.038 63.507 71.847 43.492 27.204
59.902 25.241 64.666 15.366 50.805 80.361 68.682 55.153 60.079 27.142 63.875 60.689 36.890 0.000 66.794 59.937 42.406 30.213 20.814
50.845 42.477 54.310 53.171 25.525 24.142 9.390 51.151 64.068 79.376 36.470 24.105 74.038 66.794 0.000 11.218 46.571 96.402 82.341
39.890 34.816 59.425 47.675 14.429 22.410 19.719 54.633 52.930 69.819 26.308 13.736 63.507 59.937 11.218 0.000 47.414 88.691 73.784
73.814 35.227 22.725 28.380 49.521 69.211 42.447 13.345 81.569 67.508 67.641 57.408 71.847 42.406 46.571 47.414 0.000 70.226 63.193
79.175 54.028 91.093 45.408 77.806 107.689 98.777 81.837 74.227 28.138 87.560 87.190 43.492 30.213 96.402 88.691 70.226 0.000 17.232
61.944 40.020 85.475 35.472 61.980 91.712 85.766 75.964 57.294 12.076 70.656 71.034 27.204 20.814 82.341 73.784 63.193 17.232 0.000
