6
0.000000 7.651755 77.824363 58.778051 66.180563 57.388611
7.651755 0.000000 85.440827 66.263082 73.395432 62.301856
77.824363 85.440827 0.000000 28.907778 34.666185 57.231368
58.778051 66.263082 28.907778 0.000000 11.256354 62.985055
66.180563 73.395432 34.666185 11.256354 0.000000 74.226361
57.388611 62.301856 57.231368 62.985055 74.226361 0.000000
