15
0.000 57.023 33.601 39.429 73.715 58.212 26.052 32.900 67.653 30.713 61.060 64.652 36.400 77.569 26.146
57.023 0.000 81.620 65.304 49.810 36.185 68.808 68.029 10.811 52.013 33.932 17.042 66.652 20.581 83.014
33.601 81.620 0.000 27.568 77.802 67.187 13.091 18.364 91.078 33.072 93.306 83.333 23.162 100.863 24.292
39.429 65.304 27.568 0.000 50.773 42.230 18.357 9.690 72.949 14.064 86.100 62.286 4.515 82.013 47.065
73.715 49.810 77.802 50.773 0.000 16.884 66.219 59.445 49.397 46.805 83.218 34.630 54.878 53.607 92.712
58.212 36.185 67.187 42.230 16.884 0.000 54.648 49.357 38.669 34.382 68.246 24.449 45.599 45.371 79.100
26.052 68.808 13.091 18.357 66.219 54.648 0.000 8.923 78.114 20.296 82.485 70.244 13.979 87.862 28.710
32.900 68.029 18.364 9.690 59.445 49.357 8.923 0.000 76.598 16.418 85.241 67.298 5.188 86.069 37.508
67.653 10.811 91.078 72.949 49.397 38.669 78.114 76.598 0.000 60.288 39.203 14.824 74.745 9.966 93.548
30.713 52.013 33.072 14.064 46.805 34.382 20.296 16.418 60.288 0.000 72.070 50.917 14.661 69.692 45.965
61.060 33.932 93.306 86.100 83.218 68.246 82.485 85.241 39.203 72.070 0.000 50.830 85.815 43.713 85.388
64.652 17.042 83.333 62.286 34.630 24.449 70.244 67.298 14.824 50.917 50.830 0.000 64.701 20.965 89.435
36.400 66.652 23.162 4.515 54.878 45.599 13.979 5.188 74.745 14.661 85.815 64.701 0.000 84.013 42.653
77.569 20.581 100.863 82.013 53.607 45.371 87.862 86.069 9.966 69.692 43.713 20.965 84.013 0.000 103.496
26.146 83.014 24.292 47.065 92.712 79.100 28.710 37.508 93.548 45.965 85.388 89.435 42.653 103.496 0.000
