14
0.000 7.652 77.824 58.778 66.181 57.389 52.199 48.152 64.291 24.780 24.676 76.565 25.257 31.812
7.652 0.000 85.441 66.263 73.395 62.302 59.552 53.638 69.797 29.897 28.228 84.155 29.391 36.833
77.824 85.441 0.000 28.908 34.666 57.231 28.586 52.565 50.829 64.166 70.663 2.833 73.191 67.646
58.778 66.263 28.908 0.000 11.256 62.985 29.336 54.263 60.817 54.156 60.784 29.667 47.421 40.696
66.181 73.395 34.666 11.256 0.000 74.226 40.477 65.510 71.862 64.315 70.827 36.184 51.042 43.355
57.389 62.302 57.231 62.985 74.226 0.000 33.992 10.586 9.845 32.621 34.561 54.504 72.520 73.269
52.199 59.552 28.586 29.336 40.477 33.992 0.000 26.353 31.534 35.727 42.136 26.531 54.531 51.628
48.152 53.638 52.565 54.263 65.510 10.586 26.353 0.000 16.167 23.753 27.108 50.018 62.070 62.691
64.291 69.797 50.829 60.817 71.862 9.845 31.534 16.167 0.000 39.903 42.850 48.021 76.912 76.659
24.780 29.897 64.166 54.156 64.315 32.621 35.727 23.753 39.903 0.000 6.731 62.225 43.037 46.061
24.676 28.228 70.663 60.784 70.827 34.561 42.136 27.108 42.850 6.731 0.000 68.665 46.014 49.979
76.565 84.155 2.833 29.667 36.184 54.504 26.531 50.018 48.021 62.225 68.665 0.000 72.831 67.539
25.257 29.391 73.191 47.421 51.042 72.520 54.531 62.070 76.912 43.037 46.014 72.831 0.000 8.308
31.812 36.833 67.646 40.696 43.355 73.269 51.628 62.691 76.659 46.061 49.979 67.539 8.308 0.000
