16
0.000 80.996 73.204 77.243 63.605 78.803 108.465 48.936 63.612 70.325 85.461 24.728 68.416 7.404 37.547 39.087
80.996 0.000 42.194 45.947 57.567 28.166 31.222 77.990 25.467 21.825 17.212 65.157 34.291 85.604 44.681 66.748
73.204 42.194 0.000 5.131 18.906 66.213 49.157 45.501 54.332 55.837 29.801 70.648 66.607 80.104 40.200 40.601
77.243 45.947 5.131 0.000 19.401 70.731 49.923 46.648 59.226 60.523 32.327 75.501 71.476 84.243 45.048 43.239
63.605 57.567 18.906 19.401 0.000 77.780 68.038 27.289 63.462 66.656 47.769 67.440 75.540 70.935 38.737 26.023
78.803 28.166 66.213 70.731 77.780 0.000 55.410 92.031 16.564 11.299 45.332 56.827 11.880 81.183 50.517 78.532
108.465 31.222 49.157 49.923 68.038 55.410 0.000 93.804 56.593 52.228 23.351 95.313 64.157 113.869 70.945 85.979
48.936 77.990 45.501 46.648 27.289 92.031 93.804 0.000 75.847 80.814 71.958 62.496 86.511 56.114 43.038 14.384
63.612 25.467 54.332 59.226 63.462 16.564 56.593 75.847 0.000 6.730 40.103 43.412 12.302 66.690 33.962 62.162
70.325 21.825 55.837 60.523 66.656 11.299 52.228 80.814 6.730 0.000 37.972 50.027 12.542 73.417 39.779 67.426
85.461 17.212 29.801 32.327 47.769 45.332 23.351 71.958 40.103 37.972 0.000 73.910 50.491 91.092 47.917 63.142
24.728 65.157 70.648 75.501 67.440 56.827 95.313 62.496 43.412 50.027 73.910 0.000 45.610 24.984 30.454 49.093
68.416 34.291 66.607 71.476 75.540 11.880 64.157 86.511 12.302 12.542 50.491 45.610 0.000 70.296 43.733 72.494
7.404 85.604 80.104 84.243 70.935 81.183 113.869 56.114 66.690 73.417 91.092 24.984 70.296 0.000 43.282 46.489
37.547 44.681 40.200 45.048 38.737 50.517 70.945 43.038 33.962 39.779 47.917 30.454 43.733 43.282 0.000 28.832
39.087 66.748 40.601 43.239 26.023 78.532 85.979 14.384 62.162 67.426 63.142 49.093 72.494 46.489 28.832 0.000
