6
0.000000 19.287340 26.098957 30.806949 57.054955 67.455639
19.287340 0.000000 22.396436 11.522128 38.810593 74.810145
26.098957 22.396436 0.000000 27.614819 55.037580 53.724325
30.806949 11.522128 27.614819 0.000000 28.415188 81.338593
57.054955 38.810593 55.037580 28.415188 0.000000 108.223994
67.455639 74.810145 53.724325 81.338593 108.223994 0.000000
