6
0.000000 57.023250 33.601206 39.428565 73.714677 58.212359
57.023250 0.000000 81.619608 65.304413 49.809506 36.185338
33.601206 81.619608 0.000000 27.567893 77.802226 67.186948
39.428565 65.304413 27.567893 0.000000 50.773105 42.229555
73.714677 49.809506 77.802226 50.773105 0.000000 16.883583
58.212359 36.185338 67.186948 42.229555 16.883583 0.000000
