7
0.000000 35.329218 20.893006 22.399890 22.481866 46.555042 21.591704
35.329218 0.000000 33.169322 56.488886 56.153059 39.815431 49.523075
20.893006 33.169322 0.000000 30.335754 29.352657 26.287189 42.433740
22.399890 56.488886 30.335754 0.000000 1.492338 54.855203 29.864131
22.481866 56.153059 29.352657 1.492338 0.000000 53.630248 30.978457
46.555042 39.815431 26.287189 54.855203 53.630248 0.000000 68.093485
21.591704 49.523075 42.433740 29.864131 30.978457 68.093485 0.000000
