17
0.000 19.287 26.099 30.807 57.055 67.456 97.319 43.246 28.808 18.100 30.616 72.584 43.995 65.636 93.198 40.050 81.684
19.287 0.000 22.396 11.522 38.811 74.810 83.150 24.114 41.812 34.886 37.135 72.340 25.024 60.037 97.977 31.591 79.020
26.099 22.396 0.000 27.615 55.038 53.724 72.956 38.711 28.646 29.354 18.318 50.117 40.386 39.965 75.798 14.363 57.535
30.807 11.522 27.615 0.000 28.415 81.339 76.019 12.817 51.641 45.940 44.903 74.904 13.983 59.794 102.743 31.779 79.948
57.055 38.811 55.038 28.415 0.000 108.224 78.933 16.328 80.042 73.676 72.954 97.724 14.684 79.415 127.640 54.915 100.267
67.456 74.810 53.724 81.339 108.224 0.000 93.510 91.967 40.201 53.154 37.975 28.820 93.743 45.726 27.200 54.780 40.654
97.319 83.150 72.956 76.019 78.933 93.510 0.000 72.803 96.940 101.764 83.438 66.281 74.257 48.069 95.251 58.739 58.095
43.246 24.114 38.711 12.817 16.328 91.967 72.803 0.000 64.222 58.754 56.681 82.559 1.962 65.289 111.883 39.299 86.035
28.808 41.812 28.646 51.641 80.042 40.201 96.940 64.222 0.000 12.956 13.514 52.862 65.572 54.282 67.047 39.956 64.230
18.100 34.886 29.354 45.940 73.676 53.154 101.764 58.754 12.956 0.000 21.763 64.295 59.813 62.766 79.983 43.107 75.073
30.616 37.135 18.318 44.903 72.954 37.975 83.438 56.681 13.514 21.763 0.000 43.063 58.270 41.403 62.775 27.164 53.434
72.584 72.340 50.117 74.904 97.724 28.820 66.281 82.559 52.862 64.295 43.063 0.000 84.505 21.302 31.911 43.407 12.466
43.995 25.024 40.386 13.983 14.684 93.743 74.257 1.962 65.572 59.813 58.270 84.505 0.000 67.248 113.781 41.227 87.997
65.636 60.037 39.965 59.794 79.415 45.726 48.069 65.289 54.282 62.766 41.403 21.302 67.248 0.000 53.182 28.527 20.852
93.198 97.977 75.798 102.743 127.640 27.200 95.251 111.883 67.047 79.983 62.775 31.911 113.781 53.182 0.000 72.726 37.177
40.050 31.591 14.363 31.779 54.915 54.780 58.739 39.299 39.956 43.107 27.164 43.407 41.227 28.527 72.726 0.000 48.225
81.684 79.020 57.535 79.948 100.267 40.654 58.095 86.035 64.230 75.073 53.434 12.466 87.997 20.852 37.177 48.225 0.000
