20
0.000 71.865 26.110 23.308 34.278 16.084 86.536 35.160 28.348 97.187 38.059 46.008 17.330 62.854 74.467 46.600 46.389 31.481 86.546 39.672
71.865 0.000 65.631 56.202 69.251 81.766 37.285 53.244 48.430 50.677 62.680 52.643 59.896 71.087 35.954 31.556 72.697 83.413 45.069 65.292
26.110 65.631 0.000 11.178 8.738 42.075 90.779 50.727 18.103 77.376 12.283 61.067 35.283 36.786 80.681 51.225 20.656 17.796 93.453 13.589
23.308 56.202 11.178 0.000 18.781 39.000 79.765 40.656 7.772 74.344 18.064 50.642 26.922 42.349 69.532 40.053 29.284 28.200 82.300 20.623
34.278 69.251 8.738 18.781 0.000 49.995 96.801 59.162 24.342 74.926 7.958 69.341 44.003 29.385 87.274 58.109 12.117 16.397 100.043 7.223
16.084 81.766 42.075 39.000 49.995 0.000 90.191 35.487 43.066 111.817 54.119 44.944 21.944 78.859 77.468 52.919 62.046 44.572 88.510 55.661
86.536 37.285 90.779 79.765 96.801 90.191 0.000 54.837 72.763 86.141 91.897 47.084 70.039 105.511 12.910 40.542 103.293 107.839 9.425 94.802
35.160 53.244 50.727 40.656 59.162 35.487 54.837 0.000 37.889 94.756 58.398 10.929 17.913 81.130 42.037 21.691 69.917 63.624 53.062 61.125
28.348 48.430 18.103 7.772 24.342 43.066 72.763 37.889 0.000 68.902 21.218 47.028 27.223 43.277 62.962 33.780 33.115 35.667 75.737 24.124
97.187 50.677 77.376 74.344 74.926 111.817 86.141 94.756 68.902 0.000 67.065 98.076 93.162 55.946 86.593 75.531 69.830 91.210 94.794 67.917
38.059 62.680 12.283 18.064 7.958 54.119 91.897 58.398 21.218 67.065 0.000 68.006 44.904 24.900 83.028 54.484 11.921 24.354 95.729 2.959
46.008 52.643 61.067 50.642 69.341 44.944 47.084 10.929 47.028 98.076 68.006 0.000 28.825 89.844 34.186 22.564 79.718 74.452 44.030 70.816
17.330 59.896 35.283 26.922 44.003 21.944 70.039 17.913 27.223 93.162 44.904 28.825 0.000 69.222 57.687 31.263 55.584 46.293 69.527 47.313
62.854 71.087 36.786 42.349 29.385 78.859 105.511 81.130 43.277 55.946 24.900 89.844 69.222 0.000 98.826 72.907 18.507 42.169 110.990 23.198
74.467 35.954 80.681 69.532 87.274 77.468 12.910 42.037 62.962 86.593 83.028 34.186 57.687 98.826 0.000 29.550 94.722 97.266 12.777 85.976
46.600 31.556 51.225 40.053 58.109 52.919 40.542 21.691 33.780 75.531 54.484 22.564 31.263 72.907 29.550 0.000 66.360 67.718 42.288 57.442
46.389 72.697 20.656 29.284 12.117 62.046 103.293 69.917 33.115 69.830 11.921 79.718 55.584 18.507 94.722 66.360 0.000 23.727 107.383 8.991
31.481 83.413 17.796 28.200 16.397 44.572 107.839 63.624 35.667 91.210 24.354 74.452 46.293 42.169 97.266 67.718 23.727 0.000 109.982 23.294
86.546 45.069 93.453 82.300 100.043 88.510 9.425 53.062 75.737 94.794 95.729 44.030 69.527 110.990 12.777 42.288 107.383 109.982 0.000 98.673
39.672 65.292 13.589 20.623 7.223 55.661 94.802 61.125 24.124 67.917 2.959 70.816 47.313 23.198 85.976 57.442 8.991 23.294 98.673 0.000
