18
0.000 35.329 20.893 22.400 22.482 46.555 21.592 66.184 24.176 22.452 44.523 18.942 16.687 86.569 54.429 20.123 27.474 80.037
35.329 0.000 33.169 56.489 56.153 39.815 49.523 38.126 42.265 47.958 59.752 39.076 49.783 52.117 57.856 54.727 58.388 44.723
20.893 33.169 0.000 30.336 29.353 26.287 42.434 70.594 44.017 16.135 64.783 7.145 36.274 84.199 72.334 30.009 28.174 73.832
22.400 56.489 30.336 0.000 1.492 54.855 29.864 88.569 39.505 17.299 55.749 23.590 20.329 108.397 70.323 2.967 9.690 100.693
22.482 56.153 29.353 1.492 0.000 53.630 30.978 88.660 40.372 15.945 56.909 22.515 21.443 108.139 71.275 4.069 8.306 100.219
46.555 39.815 26.287 54.855 53.630 0.000 68.093 76.117 67.732 37.985 88.450 31.696 62.496 79.949 92.739 55.153 49.878 65.512
21.592 49.523 42.434 29.864 30.978 68.093 0.000 70.385 12.290 40.057 25.986 39.537 9.537 95.820 40.982 26.935 38.999 92.793
66.184 38.126 70.594 88.569 88.660 76.117 70.385 0.000 58.702 84.007 65.506 75.716 75.252 30.179 52.303 86.175 92.825 37.888
24.176 42.265 44.017 39.505 40.372 67.732 12.290 58.702 0.000 46.013 20.825 43.078 20.112 85.143 31.102 36.546 47.758 83.490
22.452 47.958 16.135 17.299 15.945 37.985 40.057 84.007 46.013 0.000 65.400 9.144 31.445 99.731 76.754 18.286 12.334 89.869
44.523 59.752 64.783 55.749 56.909 88.450 25.986 65.506 20.825 65.400 0.000 63.449 35.485 94.777 19.156 52.850 64.980 96.507
18.942 39.076 7.145 23.590 22.515 31.696 39.537 75.716 43.078 9.144 63.449 0.000 32.253 90.671 72.797 23.565 21.034 80.728
16.687 49.783 36.274 20.329 21.443 62.496 9.537 75.252 20.112 31.445 35.485 32.253 0.000 98.882 50.251 17.399 29.500 94.205
86.569 52.117 84.199 108.397 108.139 79.949 95.820 30.179 85.143 99.731 94.777 90.671 98.882 0.000 82.449 106.472 110.481 17.421
54.429 57.856 72.334 70.323 71.275 92.739 40.982 52.303 31.102 76.754 19.156 72.797 50.251 82.449 0.000 67.356 78.822 87.177
20.123 54.727 30.009 2.967 4.069 55.153 26.935 86.175 36.546 18.286 52.850 23.565 17.399 106.472 67.356 0.000 12.326 99.131
27.474 58.388 28.174 9.690 8.306 49.878 38.999 92.825 47.758 12.334 64.980 21.034 29.500 110.481 78.822 12.326 0.000 101.386
80.037 44.723 73.832 100.693 100.219 65.512 92.793 37.888 83.490 89.869 96.507 80.728 94.205 17.421 87.177 99.131 101.386 0.000
